[gd_resource type="Skin" format=3 uid="uid://behlucluuo2kp"]

[resource]
resource_name = "Skin"
bind_count = 823
bind/0/name = &"root"
bind/0/bone = -1
bind/0/pose = Transform3D(1, 0, 0, 0, 0, -1, 0, 1, 0, 0, 0, 0)
bind/1/name = &"MCH-eyes_parent"
bind/1/bone = -1
bind/1/pose = Transform3D(1, -6.0924314e-08, -2.3050302e-07, -1.776357e-14, 0.9667998, -0.25553522, 2.3841858e-07, 0.25553513, 0.9667998, 1.16618814e-07, -0.45849666, -0.48913482)
bind/2/name = &"eyes"
bind/2/bone = -1
bind/2/pose = Transform3D(1, -2.1316282e-13, 1.4210856e-14, 1.9895197e-13, 1, 2.8272777e-27, -1.4823078e-20, -7.450581e-08, 1.0000001, 1.2316661e-13, -0.6136296, -0.5373644)
bind/3/name = &"eye.L"
bind/3/bone = -1
bind/3/pose = Transform3D(1, -2.1316282e-13, 1.588187e-20, 1.9895198e-13, 1.0000001, -7.450582e-08, 1.4210839e-14, 7.105428e-15, 1.0000001, -0.026381353, -0.6136295, -0.5373644)
bind/4/name = &"eye.R"
bind/4/bone = -1
bind/4/pose = Transform3D(1, -2.1316282e-13, 1.588187e-20, 1.9895198e-13, 1.0000001, -7.450582e-08, 1.4210839e-14, 7.105428e-15, 1.0000001, 0.026381353, -0.6136295, -0.5373644)
bind/5/name = &"DEF-spine.004"
bind/5/bone = -1
bind/5/pose = Transform3D(1, 2.144492e-06, -7.397047e-08, 2.8421703e-14, 0.034472723, 0.99940574, 2.145767e-06, -0.9994053, 0.034472723, -9.717679e-07, 0.2016318, 0.45287645)
bind/6/name = &"DEF-spine.005"
bind/6/bone = -1
bind/6/pose = Transform3D(1, 2.6017597e-06, 3.300415e-07, -1.7053022e-13, -0.1258446, 0.99205005, 2.6226091e-06, -0.9920497, -0.12584466, -1.1227132e-06, 0.18940854, 0.42808998)
bind/7/name = &"DEF-spine.006"
bind/7/bone = -1
bind/7/pose = Transform3D(1, 9.513019e-07, -6.708814e-08, 1.0658138e-13, 0.07034762, 0.9975226, 9.536639e-07, -0.99752223, 0.070347644, -4.2302693e-07, 0.03556539, 0.44358027)
bind/8/name = &"DEF-spine.007"
bind/8/bone = -1
bind/8/pose = Transform3D(1, -1.6689272e-06, 2.8505085e-09, -1.6431297e-14, 0.0017079856, 0.99999857, -1.6689308e-06, -0.9999983, 0.0017079856, 7.415304e-07, 0.004566824, 0.44431484)
bind/9/name = &"DEF-spine.008"
bind/9/bone = -1
bind/9/pose = Transform3D(1, -2.3410712e-06, 4.5137918e-07, 1.4210853e-13, 0.1893218, 0.98191524, -2.3841903e-06, -0.9819149, 0.18932186, 1.0158519e-06, -0.13751942, 0.42607856)
bind/10/name = &"DEF-spine.009"
bind/10/bone = -1
bind/10/pose = Transform3D(1, -2.6631363e-07, 3.9553905e-07, 3.4106043e-13, 0.8295041, 0.55850035, -4.7683807e-07, -0.55850023, 0.8295043, 4.8033723e-08, -0.50089306, 0.1007343)
bind/11/name = &"DEF-spine.010"
bind/11/bone = -1
bind/11/pose = Transform3D(1, 5.4200837e-07, -4.667089e-07, 5.684341e-13, 0.65250635, 0.75778306, 7.152547e-07, -0.75778294, 0.6525066, -1.7390416e-07, -0.50638056, 0.24313578)
bind/12/name = &"DEF-spine.011"
bind/12/bone = -1
bind/12/pose = Transform3D(1, 2.0487545e-07, -4.3058066e-07, 8.1001845e-13, 0.9029928, 0.42965508, 4.768367e-07, -0.42965508, 0.902993, 1.782815e-09, -0.61040777, -0.0037387297)
bind/13/name = &"VIS_front_thigh_ik_pole.L"
bind/13/bone = -1
bind/13/pose = Transform3D(-0.8929206, 0, -0.4502141, -5.366971e-08, 1.0000004, 1.0644444e-07, 0.45021412, 0, -0.8929207, 0.15455489, -0.23364708, 0.15262917)
bind/14/name = &"VIS_front_thigh_ik_pole.R"
bind/14/bone = -1
bind/14/pose = Transform3D(-0.8929206, 0, 0.4502141, 5.366971e-08, 1.0000004, 1.0644444e-07, -0.45021412, 0, -0.8929207, -0.15455489, -0.23364708, 0.15262917)
bind/15/name = &"VIS_thigh_ik_pole.L"
bind/15/bone = -1
bind/15/pose = Transform3D(0.99534076, 0, -0.09642024, 0, 1, 0, 0.09642024, 0, 0.99534076, -0.09272166, -0.24597059, 0.23854114)
bind/16/name = &"VIS_thigh_ik_pole.R"
bind/16/bone = -1
bind/16/pose = Transform3D(0.99534076, 0, 0.09642024, 0, 1, 0, -0.09642024, 0, 0.99534076, 0.09272166, -0.24597059, 0.23854114)
bind/17/name = &"MCH-torso.parent"
bind/17/bone = -1
bind/17/pose = Transform3D(1, 0, 0, 0, 0, -1, 0, 1, 0, -1.6218503e-18, -0.17557685, -0.44708973)
bind/18/name = &"torso"
bind/18/bone = -1
bind/18/pose = Transform3D(1, 0, 0, 0, 0, -1, 0, 1, 0, -1.6218503e-18, -0.17557685, -0.44708973)
bind/19/name = &"hips"
bind/19/bone = -1
bind/19/pose = Transform3D(1, 0, 0, 0, 0, -1, 0, 1, 0, -1.9462203e-18, -0.066682085, -0.43997952)
bind/20/name = &"chest"
bind/20/bone = -1
bind/20/pose = Transform3D(1, 0, 0, 0, 0, -1, 0, 1, 0, -1.9462203e-18, -0.066682085, -0.43997952)
bind/21/name = &"MCH-spine.005"
bind/21/bone = -1
bind/21/pose = Transform3D(1, 0, 0, 0, 0, -1, 0, 1, 0, -1.9462203e-18, -0.066682085, -0.43997952)
bind/22/name = &"spine_fk.005"
bind/22/bone = -1
bind/22/pose = Transform3D(1, 2.6017813e-06, 3.300443e-07, -3.2968858e-12, -0.12584347, 0.9920501, 2.6226053e-06, -0.99204016, -0.12584347, -1.1227223e-06, 0.12152051, 0.42808586)
bind/23/name = &"MCH-spine.004"
bind/23/bone = -1
bind/23/pose = Transform3D(1, -2.6147683e-11, 5.6844e-14, -3.6094417e-12, 1.3708916e-06, -1, 8.412733e-11, 0.9999889, -2.2351495e-08, 1.1742555e-11, -0.13403049, -0.44851783)
bind/24/name = &"spine_fk.004"
bind/24/bone = -1
bind/24/pose = Transform3D(1, 2.1444685e-06, -7.396966e-08, 5.684277e-12, 0.034470566, 0.9994056, 2.145709e-06, -0.99939424, 0.034472343, -9.717572e-07, 0.11848937, 0.45287144)
bind/25/name = &"tweak_spine.004"
bind/25/bone = -1
bind/25/pose = Transform3D(1, 2.1444919e-06, -7.3969694e-08, 5.684277e-12, 0.034470208, 0.9994056, 2.1457324e-06, -0.99939424, 0.034471985, -9.717676e-07, 0.20163287, 0.45287135)
bind/26/name = &"ORG-spine.004"
bind/26/bone = -1
bind/26/pose = Transform3D(1, 2.1444914e-06, -7.397045e-08, 5.6913823e-12, 0.034470562, 0.9994056, 2.145732e-06, -0.99939424, 0.03447234, -9.717676e-07, 0.20163272, 0.45287144)
bind/27/name = &"MCH-ROT-tail"
bind/27/bone = -1
bind/27/pose = Transform3D(1, -2.4328697e-11, 1.4210946e-14, -3.6094409e-12, 1.359715e-06, -1.0000001, 8.571887e-11, 0.99998826, -3.7252468e-09, 1.0849783e-11, -0.21712445, -0.44565138)
bind/28/name = &"spine.003"
bind/28/bone = -1
bind/28/pose = Transform3D(1, -2.8484847e-16, 6.37495e-17, 1.1684547e-11, 0.24751976, -0.96888256, 6.037677e-11, 0.96887064, 0.24752139, 3.7714803e-15, -0.32067627, -0.37804085)
bind/29/name = &"spine.002"
bind/29/bone = -1
bind/29/pose = Transform3D(1, 2.2657323e-08, -2.3733958e-07, 6.147365e-11, 0.9954623, 0.09503154, 2.3841636e-07, -0.0950317, 0.99547434, -7.5240976e-08, -0.43191826, 0.31558356)
bind/30/name = &"spine.001"
bind/30/bone = -1
bind/30/pose = Transform3D(1, 1.0738778e-06, -5.1754324e-07, 2.9927706e-11, 0.4341396, 0.90084267, 1.192041e-06, -0.9008324, 0.43414593, -7.079834e-07, 0.009431966, 0.5938985)
bind/31/name = &"spine"
bind/31/bone = -1
bind/31/pose = Transform3D(1, 4.3155336e-07, 5.7039966e-07, -4.686684e-11, -0.7974612, 0.6033586, 7.1522174e-07, -0.60335034, -0.79747003, -1.3273878e-07, 0.56845653, 0.18558075)
bind/32/name = &"tweak_spine.001"
bind/32/bone = -1
bind/32/pose = Transform3D(1, 1.0738826e-06, -5.175447e-07, 2.9842438e-11, 0.43413895, 0.9008429, 1.1920462e-06, -0.90083265, 0.4341454, -7.079865e-07, -0.069768205, 0.59389853)
bind/33/name = &"ORG-spine.001"
bind/33/bone = -1
bind/33/pose = Transform3D(1, -9.951166e-07, 4.7958434e-07, -3.126351e-11, -0.43414006, -0.90084237, 1.1047171e-06, 0.9008321, -0.4341465, 6.5605775e-07, 0.069768935, -0.5938984)
bind/34/name = &"tweak_spine"
bind/34/bone = -1
bind/34/pose = Transform3D(1, 4.3155205e-07, 5.703978e-07, -4.6923687e-11, -0.79746115, 0.60335886, 7.152194e-07, -0.6033506, -0.79747, -1.327384e-07, 0.5004828, 0.18558086)
bind/35/name = &"ORG-spine"
bind/35/bone = -1
bind/35/pose = Transform3D(1, -3.788013e-07, -5.00675e-07, 4.7236322e-11, 0.7974614, -0.60335857, 6.278693e-07, 0.6033503, 0.7974702, 1.1651317e-07, -0.50048286, -0.18558066)
bind/36/name = &"DEF-spine"
bind/36/bone = -1
bind/36/pose = Transform3D(1, -4.315517e-07, -5.7039756e-07, 4.6923687e-11, 0.7974613, -0.6033587, 7.152987e-07, 0.6033504, 0.7974701, 1.3273828e-07, -0.5004828, -0.18558075)
bind/37/name = &"DEF-spine.001"
bind/37/bone = -1
bind/37/pose = Transform3D(1, -1.0738818e-06, 5.175451e-07, -2.9899284e-11, -0.43413955, -0.9008427, 1.1921531e-06, 0.9008324, -0.43414593, 7.07986e-07, 0.069768585, -0.5938984)
bind/38/name = &"DEF-spine.002"
bind/38/bone = -1
bind/38/pose = Transform3D(1, -2.2657312e-08, 2.3733962e-07, -6.166373e-11, -0.99546236, -0.09503164, 2.3842085e-07, 0.09503164, -0.9954744, 7.524097e-08, 0.5032011, -0.31558353)
bind/39/name = &"DEF-spine.003"
bind/39/bone = -1
bind/39/pose = Transform3D(1, 2.4197352e-12, 6.3284696e-13, -1.1787683e-11, -0.24751963, 0.9688826, -5.8082525e-11, -0.96887076, -0.24752139, -9.614257e-13, 0.3784594, 0.37804088)
bind/40/name = &"tweak_spine.002"
bind/40/bone = -1
bind/40/pose = Transform3D(1, 2.265727e-08, -2.3733949e-07, 6.163531e-11, 0.99546236, 0.09503194, 2.3841613e-07, -0.095032, 0.9954744, -7.524093e-08, -0.50320107, 0.31558374)
bind/41/name = &"ORG-spine.002"
bind/41/bone = -1
bind/41/pose = Transform3D(1, -1.434935e-08, 1.5031254e-07, -6.15154e-11, -0.9954623, -0.095031366, 1.5099825e-07, 0.095031425, -0.99547434, 4.7651792e-08, 0.5032012, -0.3155834)
bind/42/name = &"tweak_spine.003"
bind/42/bone = -1
bind/42/pose = Transform3D(1, -2.6573162e-12, -6.788762e-13, 1.1697297e-11, 0.24751984, -0.96888244, 6.312542e-11, 0.9688705, 0.2475216, 1.0404734e-12, -0.37845942, -0.37804073)
bind/43/name = &"ORG-spine.003"
bind/43/bone = -1
bind/43/pose = Transform3D(1, -8.470401e-08, -2.163968e-08, -1.1674079e-11, -0.24751931, 0.96888256, -8.74859e-08, -0.96887064, -0.24752107, 3.305042e-08, 0.37845922, 0.3780409)
bind/44/name = &"spine_master.003"
bind/44/bone = -1
bind/44/pose = Transform3D(1, -2.3173265e-11, -5.7441625e-12, 1.1343366e-11, 0.24751998, -0.9688825, 8.252327e-11, 0.96887106, 0.24752147, 9.084577e-12, -0.3206764, -0.37804097)
bind/45/name = &"tweak_spine.005"
bind/45/bone = -1
bind/45/pose = Transform3D(1, 2.601746e-06, 3.3004088e-07, -3.808466e-12, -0.12584363, 0.99205023, 2.6225664e-06, -0.9920386, -0.12584369, -1.1227071e-06, 0.1894081, 0.4280851)
bind/46/name = &"ORG-spine.005"
bind/46/bone = -1
bind/46/pose = Transform3D(1, 2.601755e-06, 3.30041e-07, -3.808466e-12, -0.12584321, 0.9920503, 2.6225757e-06, -0.99203867, -0.12584327, -1.1227112e-06, 0.18940791, 0.42808518)
bind/47/name = &"ORG-pelvis.L"
bind/47/bone = -1
bind/47/pose = Transform3D(-0.38589725, -0.24090533, 0.89053196, 0.26850802, 0.8941713, 0.35824788, -0.88260204, 0.37735802, -0.28037703, 0.29085478, -0.2046729, -0.15792245)
bind/48/name = &"DEF-pelvis.L"
bind/48/bone = -1
bind/48/pose = Transform3D(-0.38589597, -0.24090591, 0.8905323, 0.2685079, 0.89417124, 0.35824785, -0.8826026, 0.3773575, -0.28037575, 0.290855, -0.20467293, -0.15792198)
bind/49/name = &"ORG-pelvis.R"
bind/49/bone = -1
bind/49/pose = Transform3D(-0.3858974, 0.24090542, -0.8905319, -0.26850805, 0.8941715, 0.35824794, 0.8826021, 0.37735802, -0.28037715, -0.29085475, -0.20467295, -0.15792248)
bind/50/name = &"DEF-pelvis.R"
bind/50/bone = -1
bind/50/pose = Transform3D(-0.385896, 0.24090591, -0.89053243, -0.26850805, 0.8941716, 0.35824788, 0.88260275, 0.37735763, -0.2803758, -0.290855, -0.20467304, -0.15792201)
bind/51/name = &"ORG-thigh.L"
bind/51/bone = -1
bind/51/pose = Transform3D(0.99289536, -0.02896996, 0.11541024, -7.4504953e-09, -0.96989805, -0.24346544, 0.118990704, 0.24173407, -0.96301883, -0.033237807, 0.29449984, -0.30496317)
bind/52/name = &"ORG-shin.L"
bind/52/bone = -1
bind/52/pose = Transform3D(0.9928951, -0.028970433, 0.11541131, 0.031578816, -0.8709659, -0.49030888, 0.11472506, 0.49046513, -0.8638736, -0.033237413, 0.091246516, -0.34142172)
bind/53/name = &"ORG-foot.L"
bind/53/bone = -1
bind/53/pose = Transform3D(0.99273556, 0.0036713586, 0.12026071, 0.021222401, -0.9891944, -0.14498748, 0.11843024, 0.14648584, -0.98209786, -0.03638448, 0.094774276, -0.3288686)
bind/54/name = &"ORG-toe.L"
bind/54/bone = -1
bind/54/pose = Transform3D(0.9994075, 0.029564196, 0.01762022, 2.5145422e-08, -0.51195675, 0.8590084, 0.034417093, -0.8584889, -0.51165843, -0.07057314, 0.2888662, -0.1472398)
bind/55/name = &"MCH-toe_tweak.L"
bind/55/bone = -1
bind/55/pose = Transform3D(0.9994074, 0.02956343, 0.017619805, 2.048886e-08, -0.5119575, 0.8590079, 0.03441622, -0.8584884, -0.5116592, -0.07057325, 0.28886604, -0.14724003)
bind/56/name = &"toe_tweak.L"
bind/56/bone = -1
bind/56/pose = Transform3D(0.9994074, 0.029563447, 0.01761977, 1.6763613e-08, -0.51195645, 0.85900855, 0.034416217, -0.85848904, -0.51165813, -0.070573255, 0.28886622, -0.14723967)
bind/57/name = &"MCH-toe.L"
bind/57/bone = -1
bind/57/pose = Transform3D(0.9994074, 0.029564219, 0.017620211, 3.0733297e-08, -0.5119567, 0.85900855, 0.034417108, -0.8584891, -0.5116582, -0.07057314, 0.28886625, -0.14723973)
bind/58/name = &"toe.L"
bind/58/bone = -1
bind/58/pose = Transform3D(0.9994074, 0.029563446, 0.017619777, 1.4900991e-08, -0.5119569, 0.85900843, 0.03441622, -0.8584889, -0.5116584, -0.07057327, 0.2888662, -0.14723969)
bind/59/name = &"MCH-foot_tweak.L"
bind/59/bone = -1
bind/59/pose = Transform3D(0.99273556, 0.0036714033, 0.12026072, 0.02122241, -0.98919445, -0.14498717, 0.11843025, 0.14648554, -0.9820979, -0.036384474, 0.09477434, -0.32886863)
bind/60/name = &"foot_tweak.L"
bind/60/bone = -1
bind/60/pose = Transform3D(0.9927355, 0.0036713956, 0.12026071, 0.021222407, -0.98919433, -0.14498718, 0.11843024, 0.14648554, -0.9820978, -0.03638447, 0.09477431, -0.3288686)
bind/61/name = &"MCH-foot_tweak.L.001"
bind/61/bone = -1
bind/61/pose = Transform3D(0.99703693, 0.010215355, 0.07624256, 0.021222403, -0.9891944, -0.14498721, 0.07393844, 0.14617504, -0.9864918, -0.05104793, 0.03488283, -0.3269136)
bind/62/name = &"foot_tweak.L.001"
bind/62/bone = -1
bind/62/pose = Transform3D(0.99273545, 0.0036713956, 0.12026071, 0.021222409, -0.9891944, -0.14498723, 0.118430234, 0.14648555, -0.9820978, -0.03638447, 0.034882825, -0.3288686)
bind/63/name = &"MCH-shin_tweak.L"
bind/63/bone = -1
bind/63/pose = Transform3D(0.9928952, -0.028970422, 0.11541135, 0.031578824, -0.87096614, -0.49030873, 0.11472509, 0.49046496, -0.8638738, -0.03323741, 0.09124657, -0.3414217)
bind/64/name = &"shin_tweak.L"
bind/64/bone = -1
bind/64/pose = Transform3D(0.9928951, -0.02897043, 0.115411304, 0.031578824, -0.8709659, -0.49030888, 0.11472505, 0.4904651, -0.86387354, -0.033237413, 0.091246486, -0.34142172)
bind/65/name = &"MCH-shin_tweak.L.001"
bind/65/bone = -1
bind/65/pose = Transform3D(0.99323785, -0.027485803, 0.11279645, 0.03157884, -0.8709666, -0.49030772, 0.11171968, 0.49054942, -0.8642197, -0.034270544, 0.031596616, -0.34131956)
bind/66/name = &"shin_tweak.L.001"
bind/66/bone = -1
bind/66/pose = Transform3D(0.9928952, -0.028970491, 0.115411304, 0.031578813, -0.8709657, -0.4903093, 0.11472507, 0.49046558, -0.8638735, -0.033237405, 0.031596, -0.34142175)
bind/67/name = &"MCH-thigh_parent_widget.L"
bind/67/bone = -1
bind/67/pose = Transform3D(0.99289536, -0.028969968, 0.11541026, 1.6763614e-08, -0.969898, -0.24346563, 0.11899073, 0.24173425, -0.9630188, -0.03323779, 0.29449975, -0.30496323)
bind/68/name = &"MCH-thigh_tweak.L.001"
bind/68/bone = -1
bind/68/pose = Transform3D(0.9928952, -0.02897013, 0.11541085, 1.6763614e-08, -0.969898, -0.24346575, 0.11899133, 0.24173436, -0.96301866, -0.033237588, 0.2365417, -0.30496326)
bind/69/name = &"thigh_tweak.L.001"
bind/69/bone = -1
bind/69/pose = Transform3D(0.9928953, -0.028969921, 0.11541026, 2.421411e-08, -0.96989805, -0.2434653, 0.11899071, 0.24173394, -0.96301883, -0.033237796, 0.2365418, -0.30496314)
bind/70/name = &"ORG-thigh.R"
bind/70/bone = -1
bind/70/pose = Transform3D(0.99289536, 0.028969899, -0.115410246, -5.4016084e-08, -0.96989805, -0.24346542, -0.1189907, 0.24173404, -0.9630187, 0.033237826, 0.29449987, -0.30496314)
bind/71/name = &"ORG-shin.R"
bind/71/bone = -1
bind/71/pose = Transform3D(0.9928951, 0.028970433, -0.11541131, -0.031578813, -0.8709659, -0.49030882, -0.11472506, 0.4904651, -0.8638735, 0.03323741, 0.09124653, -0.34142172)
bind/72/name = &"ORG-foot.R"
bind/72/bone = -1
bind/72/pose = Transform3D(0.99273556, -0.0036713579, -0.12026071, -0.021222396, -0.98919433, -0.1449874, -0.118430234, 0.14648579, -0.9820977, 0.03638448, 0.094774276, -0.32886854)
bind/73/name = &"ORG-toe.R"
bind/73/bone = -1
bind/73/pose = Transform3D(0.9994075, -0.029564196, -0.017620228, -4.5634277e-08, -0.5119568, 0.85900825, -0.03441709, -0.85848886, -0.5116584, 0.070573136, 0.28886616, -0.14723979)
bind/74/name = &"MCH-toe_tweak.R"
bind/74/bone = -1
bind/74/pose = Transform3D(0.9994074, -0.029563434, -0.017619805, -5.681002e-08, -0.5119579, 0.8590077, -0.034416217, -0.8584883, -0.51165944, 0.07057326, 0.288866, -0.14724006)
bind/75/name = &"toe_tweak.R"
bind/75/bone = -1
bind/75/pose = Transform3D(0.9994074, -0.02956345, -0.017619768, -4.2840345e-08, -0.51195663, 0.8590085, -0.03441621, -0.85848904, -0.51165813, 0.07057327, 0.28886625, -0.14723961)
bind/76/name = &"MCH-toe.R"
bind/76/bone = -1
bind/76/pose = Transform3D(0.9994074, -0.029564222, -0.017620211, -4.842821e-08, -0.5119565, 0.8590083, -0.034417108, -0.858489, -0.51165813, 0.070573136, 0.28886616, -0.14723971)
bind/77/name = &"toe.R"
bind/77/bone = -1
bind/77/pose = Transform3D(0.9994074, -0.029563447, -0.01761978, -3.073329e-08, -0.5119568, 0.8590084, -0.03441622, -0.8584889, -0.5116584, 0.07057326, 0.2888662, -0.1472397)
bind/78/name = &"MCH-foot_tweak.R"
bind/78/bone = -1
bind/78/pose = Transform3D(0.9927355, -0.003671404, -0.1202607, -0.021222409, -0.9891943, -0.14498714, -0.11843023, 0.14648554, -0.9820977, 0.036384474, 0.094774365, -0.3288685)
bind/79/name = &"foot_tweak.R"
bind/79/bone = -1
bind/79/pose = Transform3D(0.99273556, -0.0036713989, -0.12026072, -0.021222403, -0.9891944, -0.14498712, -0.11843026, 0.14648552, -0.98209774, 0.036384474, 0.09477441, -0.32886854)
bind/80/name = &"MCH-foot_tweak.R.001"
bind/80/bone = -1
bind/80/pose = Transform3D(0.99703693, -0.01021535, -0.07624256, -0.021222388, -0.9891943, -0.14498706, -0.07393843, 0.14617492, -0.98649156, 0.051047917, 0.03488291, -0.3269136)
bind/81/name = &"foot_tweak.R.001"
bind/81/bone = -1
bind/81/pose = Transform3D(0.99273545, -0.003671396, -0.120260715, -0.021222403, -0.9891943, -0.14498715, -0.11843023, 0.14648552, -0.9820976, 0.036384467, 0.03488288, -0.32886857)
bind/82/name = &"MCH-shin_tweak.R"
bind/82/bone = -1
bind/82/pose = Transform3D(0.9928951, 0.028970411, -0.11541133, -0.031578787, -0.87096614, -0.49030837, -0.11472508, 0.4904647, -0.8638737, 0.03323742, 0.0912467, -0.34142166)
bind/83/name = &"shin_tweak.R"
bind/83/bone = -1
bind/83/pose = Transform3D(0.9928951, 0.028970433, -0.11541131, -0.031578813, -0.8709659, -0.4903088, -0.11472506, 0.4904651, -0.8638735, 0.033237416, 0.09124654, -0.34142175)
bind/84/name = &"MCH-shin_tweak.R.001"
bind/84/bone = -1
bind/84/pose = Transform3D(0.99323785, 0.02748579, -0.11279642, -0.031578835, -0.8709666, -0.49030766, -0.11171966, 0.4905494, -0.8642196, 0.034270555, 0.031596657, -0.34131953)
bind/85/name = &"shin_tweak.R.001"
bind/85/bone = -1
bind/85/pose = Transform3D(0.9928951, 0.028970487, -0.1154113, -0.031578813, -0.8709657, -0.4903092, -0.11472507, 0.49046552, -0.86387336, 0.0332374, 0.03159606, -0.34142172)
bind/86/name = &"MCH-thigh_parent_widget.R"
bind/86/bone = -1
bind/86/pose = Transform3D(0.99289536, 0.028969929, -0.115410276, -5.215346e-08, -0.969898, -0.24346562, -0.118990734, 0.24173422, -0.96301866, 0.0332378, 0.29449978, -0.3049632)
bind/87/name = &"MCH-thigh_tweak.R.001"
bind/87/bone = -1
bind/87/pose = Transform3D(0.99289525, 0.028970124, -0.11541085, -3.3527225e-08, -0.969898, -0.24346587, -0.11899133, 0.24173446, -0.9630185, 0.033237603, 0.23654169, -0.30496326)
bind/88/name = &"thigh_tweak.R.001"
bind/88/bone = -1
bind/88/pose = Transform3D(0.9928953, 0.028969921, -0.11541026, -2.2351484e-08, -0.9698981, -0.2434653, -0.11899073, 0.24173391, -0.96301866, 0.03323781, 0.23654185, -0.30496308)
bind/89/name = &"thigh_parent.L"
bind/89/bone = -1
bind/89/pose = Transform3D(1, 3.183671e-08, 7.992658e-09, 3.2766728e-08, -0.9698982, -0.24346511, 1.2021359e-11, 0.24346367, -0.9699098, -0.06928946, 0.2945, -0.29884148)
bind/90/name = &"MCH-thigh_parent.L"
bind/90/bone = -1
bind/90/pose = Transform3D(1, -1.689127e-11, 7.294152e-08, 7.293859e-08, 9.0151286e-07, -1.0000001, 6.3671166e-11, 0.99999166, -9.685675e-08, -0.069289446, -0.2181486, -0.358397)
bind/91/name = &"thigh_fk.L"
bind/91/bone = -1
bind/91/pose = Transform3D(0.99289536, -0.028969932, 0.11541027, -1.1175779e-08, -0.9699013, -0.24346483, 0.11899072, 0.2417341, -0.9630191, -0.033237815, 0.2945012, -0.30496323)
bind/92/name = &"shin_fk.L"
bind/92/bone = -1
bind/92/pose = Transform3D(0.99289525, -0.028970437, 0.11541132, 0.031578712, -0.8709693, -0.4903078, 0.11472509, 0.49046555, -0.8638743, -0.033237416, 0.091247626, -0.34142196)
bind/93/name = &"MCH-foot_fk.L"
bind/93/bone = -1
bind/93/pose = Transform3D(0.9927356, 0.003671396, 0.120260715, 0.0212223, -0.9891975, -0.1449868, 0.11843028, 0.1464856, -0.9820981, -0.036384493, 0.094774954, -0.32886863)
bind/94/name = &"foot_fk.L"
bind/94/bone = -1
bind/94/pose = Transform3D(0.9927356, 0.0036713681, 0.12026073, 0.021222305, -0.98919743, -0.14498706, 0.118430294, 0.14648584, -0.98209804, -0.036384482, 0.09477487, -0.32886863)
bind/95/name = &"thigh_ik.L"
bind/95/bone = -1
bind/95/pose = Transform3D(0.99289536, -0.028969932, 0.11541027, -1.1175779e-08, -0.9699013, -0.24346483, 0.11899072, 0.2417341, -0.9630191, -0.033237815, 0.2945012, -0.30496323)
bind/96/name = &"MCH-thigh_ik_swing.L"
bind/96/bone = -1
bind/96/pose = Transform3D(0.9914054, -0.033433355, 0.12648094, 0.016162056, -0.9280792, -0.37201157, 0.129823, 0.37085637, -0.9195707, -0.029119832, 0.25035, -0.342513)
bind/97/name = &"MCH-thigh_ik.L"
bind/97/bone = -1
bind/97/pose = Transform3D(0.99289525, -0.028969934, 0.11541026, -7.45052e-09, -0.9699014, -0.24346487, 0.11899072, 0.2417341, -0.96301913, -0.033237804, 0.29450116, -0.30496323)
bind/98/name = &"MCH-shin_ik.L"
bind/98/bone = -1
bind/98/pose = Transform3D(0.9928952, -0.028970445, 0.11541132, 0.031578716, -0.8709694, -0.4903079, 0.11472509, 0.49046564, -0.86387444, -0.033237413, 0.091247626, -0.34142202)
bind/99/name = &"MCH-thigh_ik2.L"
bind/99/bone = -1
bind/99/pose = Transform3D(0.99289536, -0.02896993, 0.11541026, -9.313149e-09, -0.9699013, -0.24346481, 0.11899071, 0.24173409, -0.9630191, -0.03323782, 0.2945012, -0.30496323)
bind/100/name = &"MCH-shin_ik2.L"
bind/100/bone = -1
bind/100/pose = Transform3D(0.9914437, 0.0013100918, 0.13052902, 0.054008417, -0.91445625, -0.4010461, 0.11883867, 0.40466183, -0.90671086, -0.032922402, 0.0050644795, -0.31069255)
bind/101/name = &"MCH-shin_ik3.L"
bind/101/bone = -1
bind/101/pose = Transform3D(0.99289525, -0.028970445, 0.11541132, 0.03157871, -0.8709694, -0.4903078, 0.114725105, 0.49046555, -0.8638744, -0.033237413, 0.09124768, -0.341422)
bind/102/name = &"MCH-foot_ik3.L"
bind/102/bone = -1
bind/102/pose = Transform3D(0.99273556, 0.0036713658, 0.12026071, 0.021222293, -0.98919743, -0.14498703, 0.118430264, 0.14648579, -0.982098, -0.03638448, 0.094774865, -0.3288686)
bind/103/name = &"foot_heel_ik.L"
bind/103/bone = -1
bind/103/pose = Transform3D(0.99197954, 0.03890812, -0.12026072, -0.021222295, 0.9891973, 0.14498709, 0.1246038, -0.14127187, 0.9820979, -0.1146614, 0.025008498, 0.3103726)
bind/104/name = &"MCH-thigh_ik_target.L"
bind/104/bone = -1
bind/104/pose = Transform3D(0.99273556, 0.0036713663, 0.120260715, 0.021222288, -0.98919743, -0.14498702, 0.11843026, 0.14648578, -0.98209804, -0.03638448, 0.09477487, -0.32886863)
bind/105/name = &"MCH-thigh_tweak.L"
bind/105/bone = -1
bind/105/pose = Transform3D(0.9928953, -0.02896994, 0.115410216, 1.303837e-08, -0.9698981, -0.24346548, 0.118990704, 0.2417345, -0.96301883, -0.033237807, 0.2944998, -0.30496335)
bind/106/name = &"thigh_tweak.L"
bind/106/bone = -1
bind/106/pose = Transform3D(0.99289525, -0.02896992, 0.11541026, -2.4214115e-08, -0.9698982, -0.24346493, 0.11899074, 0.24173397, -0.96301895, -0.033237804, 0.2945, -0.30496317)
bind/107/name = &"DEF-thigh.L"
bind/107/bone = -1
bind/107/pose = Transform3D(0.99289536, -0.028969916, 0.11541024, 4.0977728e-08, -0.9698981, -0.24346545, 0.1189907, 0.24173425, -0.96301883, -0.03323782, 0.29449984, -0.30496326)
bind/108/name = &"DEF-thigh.L.001"
bind/108/bone = -1
bind/108/pose = Transform3D(0.99289525, -0.028969917, 0.11541026, 9.31312e-09, -0.96989816, -0.24346516, 0.11899073, 0.24173394, -0.96301883, -0.0332378, 0.2365419, -0.30496317)
bind/109/name = &"DEF-shin.L"
bind/109/bone = -1
bind/109/pose = Transform3D(0.9928952, -0.02897045, 0.115411304, 0.031578805, -0.8709659, -0.49030888, 0.11472508, 0.4904654, -0.8638738, -0.03323741, 0.09124651, -0.34142184)
bind/110/name = &"DEF-shin.L.001"
bind/110/bone = -1
bind/110/pose = Transform3D(0.9928951, -0.028970473, 0.1154113, 0.0315788, -0.8709658, -0.49030903, 0.114725076, 0.49046555, -0.86387366, -0.0332374, 0.031596098, -0.34142184)
bind/111/name = &"DEF-foot.L"
bind/111/bone = -1
bind/111/pose = Transform3D(0.9927355, 0.003671449, 0.120260745, 0.021222373, -0.98919463, -0.14498642, 0.11843032, 0.14648506, -0.9820981, -0.03638447, 0.09477462, -0.32886866)
bind/112/name = &"DEF-foot.L.001"
bind/112/bone = -1
bind/112/pose = Transform3D(0.99273556, 0.0036713334, 0.12026073, 0.021222377, -0.9891945, -0.14498743, 0.1184303, 0.14648607, -0.982098, -0.036384467, 0.034882803, -0.32886872)
bind/113/name = &"DEF-toe.L"
bind/113/bone = -1
bind/113/pose = Transform3D(0.9994074, 0.029564224, 0.017620202, -2.3282803e-08, -0.5119563, 0.85900897, 0.034417123, -0.8584894, -0.5116577, -0.07057315, 0.2888664, -0.1472396)
bind/114/name = &"ORG-r_palm.04.L"
bind/114/bone = -1
bind/114/pose = Transform3D(0.9049907, 0.000951788, -0.42543018, 0.424652, -0.062512234, 0.90319616, -0.025735214, -0.99803233, -0.056976456, -0.20833908, 0.25985003, -0.0056023104)
bind/115/name = &"ORG-r_pinky.01.L"
bind/115/bone = -1
bind/115/pose = Transform3D(0.72160107, -0.63106614, -0.28467166, 0.24661724, -0.14990187, 0.9574498, -0.6468939, -0.7610929, 0.047464002, -0.14355549, 0.27080604, 0.078150496)
bind/116/name = &"ORG-r_pinky.02.L"
bind/116/bone = -1
bind/116/pose = Transform3D(0.7038035, -0.60863984, -0.36634552, 0.2362975, -0.28575122, 0.9287136, -0.6699431, -0.74018997, -0.057292327, -0.16619112, 0.25459114, 0.04920057)
bind/117/name = &"ORG-r_pinky.03.L"
bind/117/bone = -1
bind/117/pose = Transform3D(0.73198235, -0.64714926, -0.21304844, 0.11300563, -0.19304621, 0.9746607, -0.67188644, -0.7375015, -0.068174705, -0.1246404, 0.26996386, 0.046245955)
bind/118/name = &"r_pinky.01.L"
bind/118/bone = -1
bind/118/pose = Transform3D(0.72160107, -0.63106614, -0.28467166, 0.24661724, -0.14990187, 0.9574498, -0.6468939, -0.7610929, 0.047464002, -0.14355549, 0.27080604, 0.078150496)
bind/119/name = &"r_pinky.02.L"
bind/119/bone = -1
bind/119/pose = Transform3D(0.7038035, -0.60863984, -0.36634552, 0.2362975, -0.28575122, 0.9287136, -0.6699431, -0.74018997, -0.057292327, -0.16619112, 0.25459114, 0.04920057)
bind/120/name = &"r_pinky.03.L"
bind/120/bone = -1
bind/120/pose = Transform3D(0.73198235, -0.64714926, -0.21304844, 0.11300563, -0.19304621, 0.9746607, -0.67188644, -0.7375015, -0.068174705, -0.1246404, 0.26996386, 0.046245955)
bind/121/name = &"tweak_r_pinky.03.L"
bind/121/bone = -1
bind/121/pose = Transform3D(0.73198265, -0.6471489, -0.21304835, 0.11300561, -0.19304612, 0.9746606, -0.67188597, -0.7375018, -0.06817478, -0.1246404, 0.26996386, 0.04624589)
bind/122/name = &"tweak_r_pinky.03.L.001"
bind/122/bone = -1
bind/122/pose = Transform3D(0.73198265, -0.6471489, -0.21304832, 0.11300559, -0.19304612, 0.9746606, -0.67188597, -0.7375018, -0.06817477, -0.12464039, 0.25993282, 0.046245895)
bind/123/name = &"tweak_r_pinky.02.L"
bind/123/bone = -1
bind/123/pose = Transform3D(0.7038025, -0.608642, -0.3663439, 0.23629591, -0.28575033, 0.92871433, -0.66994464, -0.7401886, -0.057291865, -0.16619052, 0.25459146, 0.049200825)
bind/124/name = &"tweak_r_pinky.01.L"
bind/124/bone = -1
bind/124/pose = Transform3D(0.72159755, -0.6310707, -0.2846705, 0.2466165, -0.14990142, 0.95745003, -0.6468981, -0.7610892, 0.047465507, -0.14355479, 0.27080616, 0.07815127)
bind/125/name = &"DEF-r_pinky.01.L"
bind/125/bone = -1
bind/125/pose = Transform3D(0.72160107, -0.63106614, -0.28467166, 0.24661724, -0.14990187, 0.9574498, -0.6468939, -0.7610929, 0.047464002, -0.14355549, 0.27080604, 0.078150496)
bind/126/name = &"DEF-r_pinky.02.L"
bind/126/bone = -1
bind/126/pose = Transform3D(0.7038035, -0.60863984, -0.36634552, 0.2362975, -0.28575122, 0.9287136, -0.6699431, -0.74018997, -0.057292327, -0.16619112, 0.25459114, 0.04920057)
bind/127/name = &"DEF-r_pinky.03.L"
bind/127/bone = -1
bind/127/pose = Transform3D(0.73198235, -0.64714926, -0.21304844, 0.11300563, -0.19304621, 0.9746607, -0.67188644, -0.7375015, -0.068174705, -0.1246404, 0.26996386, 0.046245955)
bind/128/name = &"DEF-r_palm.04.L"
bind/128/bone = -1
bind/128/pose = Transform3D(0.9049907, 0.00094997935, -0.4254303, 0.42465198, -0.062512204, 0.90319616, -0.02573684, -0.99803233, -0.05697566, -0.20833908, 0.25985003, -0.005601926)
bind/129/name = &"ORG-r_palm.03.L"
bind/129/bone = -1
bind/129/pose = Transform3D(0.98136896, -0.026541144, -0.19029054, 0.19186217, 0.18790075, 0.963266, 0.010189665, -0.98181784, 0.18949571, -0.13371454, 0.29475975, 0.07107765)
bind/130/name = &"ORG-r_ring.01.L"
bind/130/bone = -1
bind/130/pose = Transform3D(0.5121618, 0.83232856, 0.21190412, 0.077460915, -0.29047415, 0.9537421, 0.8553888, -0.47205022, -0.21324457, 0.010553582, 0.284346, -0.12387129)
bind/131/name = &"ORG-r_ring.02.L"
bind/131/bone = -1
bind/131/pose = Transform3D(0.5360082, 0.7679029, 0.3507224, 0.11280802, -0.47686395, 0.87170607, 0.83664185, -0.42767185, -0.342232, 0.049800683, 0.25028363, -0.16041575)
bind/132/name = &"ORG-r_ring.03.L"
bind/132/bone = -1
bind/132/pose = Transform3D(0.5042514, 0.85197955, 0.14087051, 0.12544288, -0.23366462, 0.96419126, 0.85439724, -0.4685179, -0.22470249, -0.0076157455, 0.26421306, -0.12830736)
bind/133/name = &"r_ring.01.L"
bind/133/bone = -1
bind/133/pose = Transform3D(0.5121618, 0.83232856, 0.21190412, 0.077460915, -0.29047415, 0.9537421, 0.8553888, -0.47205022, -0.21324457, 0.010553582, 0.284346, -0.12387129)
bind/134/name = &"r_ring.02.L"
bind/134/bone = -1
bind/134/pose = Transform3D(0.5360082, 0.7679029, 0.3507224, 0.11280802, -0.47686395, 0.87170607, 0.83664185, -0.42767185, -0.342232, 0.049800683, 0.25028363, -0.16041575)
bind/135/name = &"r_ring.03.L"
bind/135/bone = -1
bind/135/pose = Transform3D(0.5042514, 0.85197955, 0.14087051, 0.12544288, -0.23366462, 0.96419126, 0.85439724, -0.4685179, -0.22470249, -0.0076157455, 0.26421306, -0.12830736)
bind/136/name = &"tweak_r_ring.03.L"
bind/136/bone = -1
bind/136/pose = Transform3D(0.5042514, 0.85197955, 0.14087054, 0.12544286, -0.23366463, 0.96419126, 0.85439724, -0.4685179, -0.22470249, -0.0076157455, 0.26421306, -0.12830736)
bind/137/name = &"tweak_r_ring.03.L.001"
bind/137/bone = -1
bind/137/pose = Transform3D(0.5042514, 0.85197955, 0.14087054, 0.12544286, -0.23366463, 0.96419126, 0.85439724, -0.4685179, -0.22470249, -0.0076157455, 0.24501082, -0.12830736)
bind/138/name = &"tweak_r_ring.02.L"
bind/138/bone = -1
bind/138/pose = Transform3D(0.53600544, 0.767904, 0.3507242, 0.11280921, -0.47686532, 0.8717051, 0.8366434, -0.42766833, -0.34223244, 0.049801406, 0.2502833, -0.16041607)
bind/139/name = &"tweak_r_ring.01.L"
bind/139/bone = -1
bind/139/pose = Transform3D(0.5121571, 0.8323309, 0.21190603, 0.07746111, -0.29047504, 0.95374167, 0.8553915, -0.47204536, -0.21324402, 0.010554486, 0.28434584, -0.1238714)
bind/140/name = &"DEF-r_ring.01.L"
bind/140/bone = -1
bind/140/pose = Transform3D(0.5121618, 0.83232856, 0.21190412, 0.077460915, -0.29047415, 0.9537421, 0.8553888, -0.47205022, -0.21324457, 0.010553582, 0.284346, -0.12387129)
bind/141/name = &"DEF-r_ring.02.L"
bind/141/bone = -1
bind/141/pose = Transform3D(0.5360082, 0.7679029, 0.3507224, 0.11280802, -0.47686395, 0.87170607, 0.83664185, -0.42767185, -0.342232, 0.049800683, 0.25028363, -0.16041575)
bind/142/name = &"DEF-r_ring.03.L"
bind/142/bone = -1
bind/142/pose = Transform3D(0.5042514, 0.85197955, 0.14087051, 0.12544288, -0.23366462, 0.96419126, 0.85439724, -0.4685179, -0.22470249, -0.0076157455, 0.26421306, -0.12830736)
bind/143/name = &"DEF-r_palm.03.L"
bind/143/bone = -1
bind/143/pose = Transform3D(0.98136896, -0.026542146, -0.19029033, 0.19186217, 0.18790062, 0.963266, 0.010188636, -0.9818178, 0.18949576, -0.13371447, 0.29475975, 0.07107775)
bind/144/name = &"ORG-r_palm.02.L"
bind/144/bone = -1
bind/144/pose = Transform3D(0.98992705, 0.051016655, 0.13206638, -0.1394245, 0.18921295, 0.9719867, 0.024599126, -0.9805984, 0.19442369, -0.026950039, 0.32151803, 0.07170247)
bind/145/name = &"ORG-r_middle.01.L"
bind/145/bone = -1
bind/145/pose = Transform3D(0.49493876, 0.8091177, 0.31677803, -0.1347257, -0.28869334, 0.9478946, 0.8584197, -0.5118221, -0.03387629, 0.04969225, 0.29759878, -0.05933751)
bind/146/name = &"ORG-r_middle.02.L"
bind/146/bone = -1
bind/146/pose = Transform3D(0.48889628, 0.7464179, 0.45147195, -0.07717838, -0.47849602, 0.8746892, 0.868921, -0.46247077, -0.17632903, 0.09000354, 0.26513988, -0.102026455)
bind/147/name = &"ORG-r_middle.03.L"
bind/147/bone = -1
bind/147/pose = Transform3D(0.50284636, 0.8278065, 0.24872741, -0.09357295, -0.23392841, 0.9677402, 0.8592958, -0.5098931, -0.040169537, 0.031167576, 0.2813202, -0.062555484)
bind/148/name = &"r_middle.01.L"
bind/148/bone = -1
bind/148/pose = Transform3D(0.49493876, 0.8091177, 0.31677803, -0.1347257, -0.28869334, 0.9478946, 0.8584197, -0.5118221, -0.03387629, 0.04969225, 0.29759878, -0.05933751)
bind/149/name = &"r_middle.02.L"
bind/149/bone = -1
bind/149/pose = Transform3D(0.48889628, 0.7464179, 0.45147195, -0.07717838, -0.47849602, 0.8746892, 0.868921, -0.46247077, -0.17632903, 0.09000354, 0.26513988, -0.102026455)
bind/150/name = &"r_middle.03.L"
bind/150/bone = -1
bind/150/pose = Transform3D(0.50284636, 0.8278065, 0.24872741, -0.09357295, -0.23392841, 0.9677402, 0.8592958, -0.5098931, -0.040169537, 0.031167576, 0.2813202, -0.062555484)
bind/151/name = &"tweak_r_middle.03.L"
bind/151/bone = -1
bind/151/pose = Transform3D(0.5028465, 0.8278065, 0.24872743, -0.09357298, -0.23392841, 0.9677402, 0.8592958, -0.50989324, -0.04016955, 0.031167569, 0.28132024, -0.06255549)
bind/152/name = &"tweak_r_middle.03.L.001"
bind/152/bone = -1
bind/152/pose = Transform3D(0.5028465, 0.8278065, 0.24872743, -0.09357298, -0.23392841, 0.9677402, 0.8592958, -0.50989324, -0.04016955, 0.031167569, 0.26213962, -0.06255549)
bind/153/name = &"tweak_r_middle.02.L"
bind/153/bone = -1
bind/153/pose = Transform3D(0.48889884, 0.74641556, 0.45147312, -0.07717941, -0.4784975, 0.87468845, 0.86891955, -0.46247312, -0.17633039, 0.09000375, 0.26513973, -0.10202674)
bind/154/name = &"tweak_r_middle.01.L"
bind/154/bone = -1
bind/154/pose = Transform3D(0.49493876, 0.80911726, 0.31677943, -0.13472688, -0.2886943, 0.9478942, 0.85841966, -0.51182246, -0.033875853, 0.049692668, 0.29759878, -0.05933736)
bind/155/name = &"DEF-r_middle.01.L"
bind/155/bone = -1
bind/155/pose = Transform3D(0.49493876, 0.8091177, 0.31677803, -0.1347257, -0.28869334, 0.9478946, 0.8584197, -0.5118221, -0.03387629, 0.04969225, 0.29759878, -0.05933751)
bind/156/name = &"DEF-r_middle.02.L"
bind/156/bone = -1
bind/156/pose = Transform3D(0.48889628, 0.7464179, 0.45147195, -0.07717838, -0.47849602, 0.8746892, 0.868921, -0.46247077, -0.17632903, 0.09000354, 0.26513988, -0.102026455)
bind/157/name = &"DEF-r_middle.03.L"
bind/157/bone = -1
bind/157/pose = Transform3D(0.50284636, 0.8278065, 0.24872741, -0.09357295, -0.23392841, 0.9677402, 0.8592958, -0.5098931, -0.040169537, 0.031167576, 0.2813202, -0.062555484)
bind/158/name = &"DEF-r_palm.02.L"
bind/158/bone = -1
bind/158/pose = Transform3D(0.98992693, 0.05101717, 0.1320663, -0.13942453, 0.18921304, 0.9719866, 0.024599632, -0.9805983, 0.19442384, -0.026950058, 0.32151803, 0.07170247)
bind/159/name = &"ORG-r_palm.01.L"
bind/159/bone = -1
bind/159/pose = Transform3D(0.9359719, 0.07961534, 0.34295422, -0.33808964, -0.0685635, 0.9386134, 0.09824322, -0.9944535, -0.03725539, 0.050278544, 0.32664678, -0.007584337)
bind/160/name = &"ORG-r_index.01.L"
bind/160/bone = -1
bind/160/pose = Transform3D(0.75822055, -0.64935404, 0.058576502, -0.20319252, -0.14997326, 0.96758527, -0.61952734, -0.74553645, -0.2456585, -0.01945337, 0.30854994, -0.032407507)
bind/161/name = &"ORG-r_index.02.L"
bind/161/bone = -1
bind/161/pose = Transform3D(0.77858275, -0.6271403, -0.022244189, -0.20271635, -0.28489372, 0.9368783, -0.5938978, -0.72491926, -0.34894797, -0.044675946, 0.29075554, -0.064558044)
bind/162/name = &"ORG-r_index.03.L"
bind/162/bone = -1
bind/162/pose = Transform3D(0.7354942, -0.6654718, 0.12722282, -0.3341843, -0.19297665, 0.9225406, -0.58938015, -0.72103035, -0.36432663, 0.0008719616, 0.28454813, -0.069248684)
bind/163/name = &"r_index.01.L"
bind/163/bone = -1
bind/163/pose = Transform3D(0.75822055, -0.64935404, 0.058576502, -0.20319252, -0.14997326, 0.96758527, -0.61952734, -0.74553645, -0.2456585, -0.01945337, 0.30854994, -0.032407507)
bind/164/name = &"r_index.02.L"
bind/164/bone = -1
bind/164/pose = Transform3D(0.77858275, -0.6271403, -0.022244189, -0.20271635, -0.28489372, 0.9368783, -0.5938978, -0.72491926, -0.34894797, -0.044675946, 0.29075554, -0.064558044)
bind/165/name = &"r_index.03.L"
bind/165/bone = -1
bind/165/pose = Transform3D(0.7354942, -0.6654718, 0.12722282, -0.3341843, -0.19297665, 0.9225406, -0.58938015, -0.72103035, -0.36432663, 0.0008719616, 0.28454813, -0.069248684)
bind/166/name = &"tweak_r_index.03.L"
bind/166/bone = -1
bind/166/pose = Transform3D(0.7354939, -0.6654722, 0.12722227, -0.3341834, -0.1929761, 0.92254096, -0.589381, -0.72103006, -0.36432573, 0.00087182363, 0.2845482, -0.06924838)
bind/167/name = &"tweak_r_index.03.L.001"
bind/167/bone = -1
bind/167/pose = Transform3D(0.7354939, -0.66547227, 0.12722224, -0.33418337, -0.19297606, 0.922541, -0.589381, -0.72103, -0.36432567, 0.0008718199, 0.27451357, -0.06924837)
bind/168/name = &"tweak_r_index.02.L"
bind/168/bone = -1
bind/168/pose = Transform3D(0.7785841, -0.62713856, -0.022243638, -0.20271526, -0.28489277, 0.9368788, -0.59389645, -0.72492117, -0.3489466, -0.044675868, 0.29075566, -0.064557694)
bind/169/name = &"tweak_r_index.01.L"
bind/169/bone = -1
bind/169/pose = Transform3D(0.7582165, -0.64935917, 0.05857455, -0.20319217, -0.14997329, 0.96758544, -0.61953264, -0.74553204, -0.24565871, -0.019453686, 0.30854997, -0.032407306)
bind/170/name = &"DEF-r_index.01.L"
bind/170/bone = -1
bind/170/pose = Transform3D(0.75822055, -0.64935404, 0.058576502, -0.20319252, -0.14997326, 0.96758527, -0.61952734, -0.74553645, -0.2456585, -0.01945337, 0.30854994, -0.032407507)
bind/171/name = &"DEF-r_index.02.L"
bind/171/bone = -1
bind/171/pose = Transform3D(0.77858275, -0.6271403, -0.022244189, -0.20271635, -0.28489372, 0.9368783, -0.5938978, -0.72491926, -0.34894797, -0.044675946, 0.29075554, -0.064558044)
bind/172/name = &"DEF-r_index.03.L"
bind/172/bone = -1
bind/172/pose = Transform3D(0.7354942, -0.6654718, 0.12722282, -0.3341843, -0.19297665, 0.9225406, -0.58938015, -0.72103035, -0.36432663, 0.0008719616, 0.28454813, -0.069248684)
bind/173/name = &"DEF-r_palm.01.L"
bind/173/bone = -1
bind/173/pose = Transform3D(0.9359717, 0.079617016, 0.3429542, -0.33808953, -0.06856349, 0.93861336, 0.09824479, -0.99445325, -0.037254814, 0.05027851, 0.32664675, -0.007584253)
bind/174/name = &"r_palm.L"
bind/174/bone = -1
bind/174/pose = Transform3D(0.9049907, 0.000951788, -0.42543018, 0.424652, -0.062512234, 0.90319616, -0.025735214, -0.99803233, -0.056976456, -0.20833908, 0.25985003, -0.0056023104)
bind/175/name = &"thigh_parent.R"
bind/175/bone = -1
bind/175/pose = Transform3D(1, 3.1835395e-08, 7.992298e-09, 3.276525e-08, -0.9698982, -0.24346511, 1.1745139e-11, 0.24346374, -0.9699098, 0.069289446, 0.2945, -0.29884148)
bind/176/name = &"MCH-thigh_parent.R"
bind/176/bone = -1
bind/176/pose = Transform3D(1, -1.6886879e-11, 7.2940885e-08, 7.29323e-08, 3.9635884e-06, -1.0000001, 1.5414378e-10, 0.99996954, 1.4900708e-07, 0.06928947, -0.21814969, -0.358389)
